0 0.35595703125 0.08854166666666666 0.6669921875 0.09375
0 0.1943359375 0.21875 0.32421875 0.049479166666666664
0 0.25830078125 0.2766927083333333 0.4560546875 0.05598958333333333
0 0.1689453125 0.3391927083333333 0.275390625 0.04817708333333333
0 0.0966796875 0.39453125 0.130859375 0.041666666666666664
0 0.1240234375 0.45377604166666663 0.181640625 0.05859375
0 0.14697265625 0.5078125 0.2236328125 0.03125
0 0.1416015625 0.60546875 0.21484375 0.04427083333333333
0 0.12939453125 0.6634114583333333 0.1845703125 0.045572916666666664
0 0.33154296875 0.724609375 0.5908203125 0.05598958333333333
0 0.21337890625 0.7884114583333333 0.3525390625 0.04817708333333333
0 0.1884765625 0.8463541666666666 0.302734375 0.0546875
1 0.50341796875 0.5364583333333333 0.9560546875 0.7395833333333333
