1 0.59130859375 0.6597222222222222 0.8017578125 0.6770833333333333
1 0.4951171875 0.1796875 0.4921875 0.11631944444444443
0 0.50146484375 0.06770833333333333 0.8740234375 0.10763888888888888
0 0.28857421875 0.2743055555555555 0.1416015625 0.07638888888888888
0 0.435546875 0.28125 0.115234375 0.059027777777777776
0 0.59326171875 0.2829861111111111 0.1181640625 0.0625
0 0.76123046875 0.2829861111111111 0.1240234375 0.059027777777777776
0 0.90771484375 0.28125 0.0810546875 0.06597222222222222
0 0.0888671875 0.3845486111111111 0.126953125 0.078125
0 0.10546875 0.5 0.158203125 0.06597222222222222
0 0.08251953125 0.6197916666666666 0.1162109375 0.06597222222222222
0 0.08203125 0.75 0.11328125 0.06944444444444445
0 0.0986328125 0.8776041666666666 0.1484375 0.07118055555555555
