0 0.443359375 0.09635416666666666 0.14453125 0.10243055555555555
0 0.66015625 0.09809027777777778 0.14453125 0.109375
0 0.88427734375 0.08854166666666666 0.1728515625 0.1111111111111111
0 0.2197265625 0.1909722222222222 0.203125 0.09722222222222221
0 0.216796875 0.3107638888888889 0.189453125 0.1111111111111111
0 0.244140625 0.4157986111111111 0.142578125 0.07465277777777778
0 0.2626953125 0.5121527777777778 0.109375 0.06597222222222222
0 0.27490234375 0.6163194444444444 0.0791015625 0.06944444444444445
0 0.2236328125 0.7248263888888888 0.18359375 0.07465277777777778
0 0.25244140625 0.828125 0.1181640625 0.07291666666666666
0 0.240234375 0.9322916666666666 0.142578125 0.08333333333333333
1 0.66357421875 0.5677083333333333 0.5556640625 0.8194444444444444
