0 0.49951171875 0.06510416666666666 0.8857421875 0.10243055555555555
0 0.2880859375 0.2803819444444444 0.119140625 0.07118055555555555
0 0.43701171875 0.2743055555555555 0.1123046875 0.06944444444444445
0 0.591796875 0.2769097222222222 0.1171875 0.06770833333333333
0 0.7587890625 0.2769097222222222 0.12109375 0.06770833333333333
0 0.908203125 0.2829861111111111 0.08984375 0.0625
0 0.08984375 0.3828125 0.12890625 0.07118055555555555
0 0.10595703125 0.5026041666666666 0.1708984375 0.07118055555555555
0 0.0849609375 0.6241319444444444 0.1171875 0.08854166666666666
0 0.0791015625 0.7526041666666666 0.11328125 0.08506944444444443
0 0.0947265625 0.876736111111111 0.140625 0.08333333333333333
1 0.505859375 0.5625 0.97265625 0.861111111111111
