1 0.66064453125 0.5616319444444444 0.5634765625 0.8420138888888888
0 0.232421875 0.20225694444444442 0.1875 0.08159722222222222
0 0.2197265625 0.3038194444444444 0.21484375 0.09375
0 0.259765625 0.41232638888888884 0.13671875 0.09895833333333333
0 0.27099609375 0.5147569444444444 0.1103515625 0.07465277777777778
0 0.28271484375 0.6206597222222222 0.0888671875 0.08506944444444443
0 0.22802734375 0.7222222222222222 0.2001953125 0.08333333333333333
0 0.255859375 0.8315972222222222 0.140625 0.09027777777777778
0 0.251953125 0.9435763888888888 0.1484375 0.08854166666666666
0 0.44580078125 0.08940972222222222 0.1240234375 0.07118055555555555
0 0.662109375 0.09375 0.12890625 0.07291666666666666
0 0.88623046875 0.09461805555555555 0.1630859375 0.0642361111111111
